import * as React from "react";
import { SvgIcon } from "@mui/core";

export default function Icon1(props) {
  return (
    <SvgIcon
    <svg version="1.0" xmlns="http://www.w3.org/2000/svg"
 width="640.000000pt" height="736.000000pt" viewBox="0 0 640.000000 736.000000"
 preserveAspectRatio="xMidYMid meet">

<g transform="translate(0.000000,736.000000) scale(0.100000,-0.100000)"
fill="#000000" stroke="none">
<path d="M3112 6987 c-8 -9 -2 -12 24 -13 19 0 33 0 31 1 -22 18 -46 23 -55
12z"/>
<path d="M3274 6986 c-9 -10 -5 -13 17 -13 16 0 28 1 27 1 -2 1 -10 7 -18 13
-11 8 -18 8 -26 -1z"/>
<path d="M2930 6960 c-9 -6 -10 -10 -3 -10 6 0 15 5 18 10 8 12 4 12 -15 0z"/>
<path d="M3013 6963 c15 -2 37 -2 50 0 12 2 0 4 -28 4 -27 0 -38 -2 -22 -4z"/>
<path d="M3208 6963 c6 -2 18 -2 25 0 6 3 1 5 -13 5 -14 0 -19 -2 -12 -5z"/>
<path d="M3440 6965 c0 -7 61 -37 66 -33 2 3 -12 12 -31 21 -19 9 -35 15 -35
12z"/>
<path d="M3368 6953 c7 -3 16 -2 19 1 4 3 -2 6 -13 5 -11 0 -14 -3 -6 -6z"/>
<path d="M3586 6932 c-2 -4 7 -13 21 -19 25 -12 25 -12 8 7 -20 22 -22 23 -29
12z"/>
<path d="M3528 6923 c7 -3 16 -2 19 1 4 3 -2 6 -13 5 -11 0 -14 -3 -6 -6z"/>
<path d="M3731 6877 c2 -1 13 -9 24 -17 19 -14 19 -14 6 3 -7 9 -18 17 -24 17
-6 0 -8 -1 -6 -3z"/>
<path d="M3872 6850 c0 -14 2 -19 5 -12 2 6 2 18 0 25 -3 6 -5 1 -5 -13z"/>
<path d="M4170 6826 c0 -3 9 -10 20 -16 11 -6 20 -8 20 -6 0 3 -9 10 -20 16
-11 6 -20 8 -20 6z"/>
<path d="M3864 6798 c-4 -7 -4 -10 1 -6 4 4 14 3 22 -4 11 -8 12 -7 7 6 -7 19
-20 21 -30 4z"/>
<path d="M4250 6756 c0 -2 8 -10 18 -17 15 -13 16 -12 3 4 -13 16 -21 21 -21
13z"/>
<path d="M4045 6671 c27 -28 51 -51 53 -51 8 0 -82 95 -93 99 -5 2 12 -20 40
-48z"/>
<path d="M4290 6706 c0 -2 7 -7 16 -10 8 -3 12 -2 9 4 -6 10 -25 14 -25 6z"/>
<path d="M4125 6610 c3 -5 8 -10 11 -10 2 0 4 5 4 10 0 6 -5 10 -11 10 -5 0
-7 -4 -4 -10z"/>
<path d="M4407 6589 c7 -7 15 -10 18 -7 3 3 -2 9 -12 12 -14 6 -15 5 -6 -5z"/>
<path d="M4150 6571 c5 -11 15 -23 21 -27 6 -3 3 5 -6 20 -20 30 -30 35 -15 7z"/>
<path d="M4490 6483 c0 -5 12 -20 28 -34 l27 -24 -25 30 c-14 17 -26 32 -27
34 -2 2 -3 0 -3 -6z"/>
<path d="M4335 6380 c3 -5 8 -10 11 -10 2 0 4 5 4 10 0 6 -5 10 -11 10 -5 0
-7 -4 -4 -10z"/>
<path d="M4427 6239 c4 -13 8 -18 11 -10 2 7 -1 18 -6 23 -8 8 -9 4 -5 -13z"/>
<path d="M4660 6206 c0 -2 8 -10 18 -17 15 -13 16 -12 3 4 -13 16 -21 21 -21
13z"/>
<path d="M4730 6086 c0 -2 8 -10 18 -17 15 -13 16 -12 3 4 -13 16 -21 21 -21
13z"/>
<path d="M4790 5940 c0 -5 5 -10 11 -10 5 0 7 5 4 10 -3 6 -8 10 -11 10 -2 0
-4 -4 -4 -10z"/>
<path d="M4831 5844 c0 -11 3 -14 6 -6 3 7 2 16 -1 19 -3 4 -6 -2 -5 -13z"/>
<path d="M4840 5811 c0 -5 5 -13 10 -16 6 -3 10 -2 10 4 0 5 -4 13 -10 16 -5
3 -10 2 -10 -4z"/>
<path d="M4691 5664 c0 -11 3 -14 6 -6 3 7 2 16 -1 19 -3 4 -6 -2 -5 -13z"/>
<path d="M4731 5534 c0 -11 3 -14 6 -6 3 7 2 16 -1 19 -3 4 -6 -2 -5 -13z"/>
<path d="M1886 5485 c65 -32 89 -73 82 -138 -7 -64 -43 -131 -99 -187 l-49
-49 26 -55 c14 -31 28 -56 30 -56 18 0 86 45 116 76 79 80 112 185 88 274 -23
86 -123 161 -215 160 -28 -1 -26 -2 21 -25z"/>
<path d="M1751 5468 c-38 -11 -83 -38 -63 -38 7 0 10 -5 7 -11 -6 -8 9 -61 21
-77 1 -2 12 1 23 8 24 12 27 3 10 -32 -8 -19 -5 -34 14 -76 l24 -52 40 29 c44
32 83 101 83 147 0 46 -33 91 -77 103 -21 6 -40 11 -43 10 -3 0 -20 -5 -39
-11z"/>
<path d="M3802 5433 c-52 -25 -92 -70 -92 -103 0 -34 20 -51 67 -59 33 -6 40
-2 72 32 24 25 54 44 91 56 l55 18 -37 37 c-30 30 -43 36 -79 36 -24 0 -59 -8
-77 -17z m127 -2 c19 -12 4 -31 -25 -31 -17 0 -45 -18 -83 -55 -67 -64 -93
-73 -63 -21 37 62 94 114 127 115 17 0 36 -3 44 -8z"/>
<path d="M4452 5367 c-28 -30 -28 -37 4 -37 69 0 144 -69 165 -152 l13 -48 23
22 c71 67 -52 237 -173 238 -6 0 -20 -10 -32 -23z"/>
<path d="M2128 5252 c-10 -103 -79 -213 -177 -282 -39 -27 -49 -39 -44 -55 9
-32 11 -31 79 4 68 35 129 96 160 159 24 47 25 164 3 206 l-16 29 -5 -61z"/>
<path d="M4365 5270 c-18 -19 -17 -20 6 -20 13 0 32 7 42 14 16 12 16 14 1 20
-24 9 -29 8 -49 -14z"/>
<path d="M3930 5232 c-78 -30 -60 -92 26 -92 57 0 105 -20 132 -55 27 -34 33
-29 40 31 5 46 -18 114 -40 114 -14 0 -9 -16 12 -35 11 -10 20 -24 20 -31 0
-23 -21 -26 -43 -6 -28 25 -69 32 -129 23 -27 -4 -48 -4 -48 0 0 15 44 32 100
38 30 3 55 11 55 16 0 17 -78 15 -125 -3z"/>
<path d="M4267 5182 c-23 -25 -21 -32 5 -32 68 0 157 -81 179 -163 l11 -40 26
26 c24 24 25 29 14 64 -19 61 -49 101 -99 133 -55 35 -111 40 -136 12z"/>
<path d="M1310 5130 c-9 -6 -10 -10 -3 -10 6 0 15 5 18 10 8 12 4 12 -15 0z"/>
<path d="M2569 5123 c-13 -16 -12 -17 4 -4 9 7 17 15 17 17 0 8 -8 3 -21 -13z"/>
<path d="M2737 5133 c-10 -2 -34 -37 -53 -76 -53 -105 -48 -101 -113 -68 -55
29 -120 51 -152 51 -22 0 -39 -63 -39 -147 0 -81 8 -133 21 -133 5 0 6 12 2
28 -12 47 -9 175 6 210 17 39 46 46 31 6 -13 -32 -13 -169 -1 -212 8 -25 7
-32 -5 -32 -21 0 -17 -18 6 -25 11 -4 43 -7 71 -9 36 -1 54 -7 61 -19 5 -9 18
-17 29 -17 13 0 18 -4 13 -12 -6 -10 -4 -10 7 0 16 14 55 16 64 2 11 -18 25
-11 37 21 l13 30 40 -30 c22 -17 45 -31 51 -31 12 0 64 52 64 65 0 5 8 17 17
27 16 18 16 22 1 48 -8 15 -13 39 -11 53 3 15 0 40 -5 57 -9 26 -9 30 6 30 10
0 28 -8 41 -17 14 -9 21 -12 18 -6 -7 11 78 133 93 133 29 0 3 -57 -52 -116
-18 -20 -26 -34 -19 -38 16 -10 52 18 96 75 l39 52 -28 23 c-33 29 -89 32
-111 7 -8 -10 -28 -37 -45 -60 -34 -49 -65 -56 -80 -19 -5 13 -18 31 -30 39
l-21 15 30 34 30 34 -29 17 c-27 17 -56 20 -93 10z m68 -40 c-8 -36 -17 -44
-34 -33 -12 7 -12 12 3 34 22 35 40 34 31 -1z"/>
<path d="M4188 5091 c-15 -18 -15 -20 5 -25 31 -8 39 -7 32 4 -3 6 -1 10 4 10
6 0 11 7 11 15 0 21 -32 19 -52 -4z"/>
<path d="M2545 5089 c-4 -6 -5 -12 -2 -15 2 -3 7 2 10 11 7 17 1 20 -8 4z"/>
<path d="M2321 5039 c-28 -5 -57 -20 -77 -40 -26 -25 -39 -31 -64 -27 -33 5
-51 -9 -29 -23 8 -4 44 -39 82 -76 l67 -68 0 60 c0 82 15 129 51 159 17 14 27
26 22 25 -4 -1 -28 -5 -52 -10z"/>
<path d="M4098 5005 c-24 -31 -23 -32 15 -39 17 -4 43 -15 56 -25 l25 -19 -32
-27 c-44 -37 -41 -65 9 -120 23 -25 44 -43 47 -40 3 3 -13 25 -36 48 -43 43
-48 69 -16 81 19 7 18 -4 -3 -20 -17 -12 -13 -19 44 -75 63 -61 88 -70 88 -32
0 35 12 36 34 5 18 -26 19 -31 5 -36 -27 -10 -59 -7 -82 10 -12 8 -27 12 -33
8 -8 -4 -7 -9 2 -16 10 -7 8 -8 -8 -5 -13 3 -28 -2 -38 -13 -21 -23 -5 -33 30
-20 35 13 40 13 25 -5 -10 -13 -9 -15 10 -15 13 0 31 7 41 16 13 12 22 13 36
5 12 -6 25 -6 34 0 7 5 10 9 5 9 -5 0 -3 7 4 15 7 9 29 15 51 15 21 0 41 5 45
11 5 8 -4 10 -30 7 -35 -4 -47 4 -26 17 6 3 7 17 4 31 -8 31 9 31 34 -1 11
-14 27 -25 35 -25 9 0 20 -8 26 -17 8 -15 9 -13 8 7 0 14 3 33 7 42 5 11 2 18
-11 21 -11 3 -9 3 4 2 13 -1 28 4 34 11 9 11 7 14 -13 14 -14 0 -38 14 -58 35
-19 19 -37 35 -42 35 -4 0 -24 11 -44 25 -22 15 -51 25 -72 25 -22 0 -47 9
-68 25 -33 25 -59 38 -104 48 -19 4 -29 0 -42 -18z m297 -117 c7 -6 5 -9 -5
-8 -34 5 -40 -1 -40 -37 0 -28 -3 -34 -10 -23 -5 8 -10 28 -10 43 0 49 -25 25
-28 -27 -3 -46 -4 -47 -22 -31 -21 19 -45 11 -36 -11 9 -22 0 -16 -27 19 l-25
33 26 2 c14 1 46 15 71 32 45 29 81 32 106 8z m-9 -104 c-8 -21 -15 -34 -15
-28 -1 15 20 76 25 71 2 -2 -2 -21 -10 -43z"/>
<path d="M1583 4973 c-48 -48 -73 -96 -73 -136 0 -21 -8 -26 -65 -42 l-64 -17
47 -24 c42 -22 52 -23 95 -14 26 5 64 10 84 10 28 0 33 -3 24 -13 -8 -10 -6
-24 7 -55 9 -23 22 -42 27 -42 43 0 220 143 231 186 6 22 24 34 24 17 0 -5 13
-22 28 -38 15 -17 23 -25 18 -18 -5 9 -2 15 10 19 11 3 35 14 55 25 33 17 39
18 65 4 16 -8 40 -15 54 -14 23 0 24 1 4 9 -11 4 -32 22 -46 38 -24 29 -27 30
-48 15 -12 -9 -44 -24 -71 -34 l-48 -19 -24 31 -23 30 -45 -16 c-83 -31 -76
-34 -84 44 -8 84 -24 101 -93 101 -39 0 -49 -5 -89 -47z m167 -197 c0 -2 -8
-10 -17 -17 -16 -13 -17 -12 -4 4 13 16 21 21 21 13z"/>
<path d="M3220 5009 c0 -5 9 -9 20 -9 11 0 20 2 20 4 0 2 -9 6 -20 9 -11 3
-20 1 -20 -4z"/>
<path d="M3343 5003 c37 -9 14 -21 -51 -25 -37 -3 -80 -12 -96 -20 -25 -13
-17 -15 116 -17 161 -2 168 -5 168 -73 0 -21 4 -38 10 -38 5 0 21 20 36 45 20
35 30 44 45 40 24 -8 25 11 2 24 -15 8 -11 10 18 11 20 0 42 6 48 14 17 21
-27 27 -121 18 -55 -6 -84 -4 -100 4 -13 7 -39 14 -58 17 -19 2 -27 2 -17 0z
m177 -63 c-19 -13 -30 -13 -30 0 0 6 10 10 23 10 18 0 19 -2 7 -10z"/>
<path d="M3175 4988 c-30 -16 -65 -50 -65 -62 0 -6 7 0 16 12 8 12 32 31 52
42 20 10 33 19 27 19 -5 0 -19 -5 -30 -11z"/>
<path d="M3760 4940 c0 -5 7 -7 15 -4 8 4 15 8 15 10 0 2 -7 4 -15 4 -8 0 -15
-4 -15 -10z"/>
<path d="M4016 4912 c-16 -19 -16 -20 4 -25 14 -3 29 2 41 14 10 10 15 19 10
19 -5 0 -16 2 -23 5 -8 3 -22 -3 -32 -13z"/>
<path d="M3845 4869 c-4 -6 -5 -13 -2 -16 7 -7 27 6 27 18 0 12 -17 12 -25 -2z"/>
<path d="M3080 4841 l-25 -7 28 -6 c19 -4 27 -1 27 8 0 8 -1 14 -2 13 -2 -1
-14 -4 -28 -8z"/>
<path d="M3919 4824 c-26 -28 -28 -25 33 -48 41 -15 85 -54 139 -123 5 -7 21
-13 34 -13 66 0 -5 125 -99 177 -60 32 -82 33 -107 7z"/>
<path d="M2260 4790 c8 -5 23 -10 33 -10 11 0 15 -5 11 -11 -4 -7 1 -7 16 1
27 14 26 16 -30 24 -31 4 -40 3 -30 -4z"/>
<path d="M3835 4790 c-3 -5 -1 -10 4 -10 6 0 11 5 11 10 0 6 -2 10 -4 10 -3 0
-8 -4 -11 -10z"/>
<path d="M3838 4731 c-16 -19 -15 -20 14 -30 18 -6 29 -8 25 -5 -4 4 -2 14 5
21 9 11 9 17 -3 24 -20 12 -22 12 -41 -10z"/>
<path d="M2029 4698 c17 -27 34 -48 37 -48 9 0 -30 61 -50 78 -11 9 -5 -4 13
-30z"/>
<path d="M1510 4700 c0 -5 4 -10 9 -10 6 0 13 5 16 10 3 6 -1 10 -9 10 -9 0
-16 -4 -16 -10z"/>
<path d="M1743 4646 l-52 -33 62 0 c77 0 93 10 69 43 -9 13 -19 23 -22 23 -3
-1 -28 -16 -57 -33z"/>
<path d="M3750 4645 c-13 -14 -22 -26 -19 -28 2 -2 24 -13 49 -25 25 -12 61
-38 80 -58 33 -35 34 -36 10 -31 -13 4 -55 12 -92 19 -45 8 -67 17 -64 24 3 7
-4 14 -14 17 -21 5 -50 -21 -43 -40 4 -11 -34 -33 -56 -33 -5 0 -11 14 -15 31
-9 44 -42 87 -86 109 -117 60 -250 -25 -250 -160 0 -33 4 -41 28 -52 20 -10
26 -19 24 -38 -2 -14 -8 -29 -13 -35 -15 -16 -10 -68 11 -102 16 -27 26 -33
52 -32 18 0 42 4 53 9 14 6 8 7 -20 4 -49 -7 -77 15 -54 42 9 11 10 17 1 23
-6 4 -8 12 -2 20 5 10 20 12 49 8 35 -4 40 -3 31 9 -7 7 -10 19 -7 26 2 7 -4
25 -15 40 -38 54 11 67 59 16 67 -73 79 -108 36 -108 -25 0 -26 -1 -8 -14 25
-18 13 -46 -22 -47 l-28 -1 25 -8 c14 -4 19 -8 13 -9 -22 -2 -14 -21 7 -21 11
0 23 -7 26 -15 4 -9 26 -27 51 -42 l45 -26 24 29 c13 16 23 33 24 37 0 4 13
22 30 40 26 28 27 33 15 47 -47 52 15 132 72 94 21 -13 24 -22 21 -55 -2 -27
0 -39 9 -39 7 0 13 -4 13 -10 0 -5 9 -10 20 -10 18 0 19 3 10 20 -12 22 1 80
23 108 7 9 7 16 0 23 -7 7 -12 3 -17 -14 -3 -14 -13 -27 -21 -31 -15 -6 -49
20 -57 44 -6 19 -119 -3 -186 -36 -44 -22 -56 -24 -63 -13 -15 24 -10 38 34
83 36 38 52 46 114 60 40 9 85 16 100 16 26 0 122 -20 168 -35 17 -6 18 -5 3
4 -14 9 -15 17 -6 47 8 30 6 39 -9 56 -25 28 -66 56 -106 73 -33 13 -36 13
-57 -10z m-275 -25 c43 -16 24 -33 -40 -35 -34 -1 -74 -9 -92 -18 -44 -23 -57
-22 -43 4 27 49 112 73 175 49z"/>
<path d="M2712 4630 c0 -19 2 -27 5 -17 2 9 2 25 0 35 -3 9 -5 1 -5 -18z"/>
<path d="M5162 4634 c2 -9 32 -35 68 -56 186 -113 375 -283 515 -462 141 -181
276 -435 346 -651 53 -161 100 -445 98 -584 0 -41 -2 -37 -19 42 -66 303 -231
637 -447 904 -84 104 -285 301 -359 351 l-49 34 55 -48 c98 -86 241 -227 318
-314 84 -96 227 -306 289 -425 88 -171 188 -503 178 -588 -4 -29 -3 -36 3 -22
5 11 8 -108 7 -285 -1 -258 -5 -326 -23 -440 -84 -526 -258 -891 -564 -1186
-201 -193 -433 -320 -711 -390 -140 -35 -356 -44 -478 -20 -93 19 -186 64
-181 87 2 7 22 58 44 111 l40 97 66 5 c358 32 525 61 692 123 104 39 237 104
315 156 l50 33 0 106 c0 93 3 110 22 136 42 57 153 115 153 80 0 -14 -17 -126
-26 -173 l-6 -30 42 40 c23 22 70 76 105 120 281 360 406 770 366 1204 -14
151 -19 171 -40 171 -14 0 -16 -16 -17 -117 -2 -232 -61 -371 -200 -474 l-54
-40 0 -89 c0 -126 -24 -177 -97 -201 -46 -15 -53 -6 -60 70 -3 33 -8 61 -11
61 -3 0 -39 -22 -81 -49 -264 -169 -644 -287 -975 -303 l-59 -3 2 140 c1 77 5
143 9 147 4 4 180 21 392 39 212 18 386 33 388 34 4 3 -198 368 -266 479 -80
133 -244 387 -247 384 -2 -2 -13 -43 -25 -93 -18 -75 -214 -686 -240 -750 -6
-13 -9 5 -9 55 -2 105 -18 291 -41 450 -27 190 -71 391 -83 383 -6 -4 -7 4 -3
21 4 16 2 26 -4 26 -7 0 -9 8 -5 20 4 11 2 20 -4 20 -14 0 -15 5 14 -144 30
-155 60 -374 76 -546 12 -135 15 -591 4 -642 l-7 -31 -197 7 c-108 3 -208 9
-223 12 l-28 6 1 -87 c1 -123 3 -122 -152 -99 -72 10 -131 24 -142 32 -20 18
-43 88 -52 167 -7 53 -10 58 -43 72 -32 13 -41 13 -96 -3 -85 -24 -210 -23
-311 5 -106 29 -298 125 -413 208 -116 83 -241 206 -266 261 -11 23 -23 42
-29 42 -18 0 -1 -326 22 -410 57 -211 150 -362 318 -520 195 -182 464 -324
794 -419 133 -38 367 -86 376 -77 4 3 0 50 -9 104 -8 53 -13 103 -10 110 16
43 162 66 236 38 24 -9 47 -24 50 -33 3 -8 2 -54 -3 -102 -6 -47 -12 -107 -14
-132 -2 -27 -24 -87 -55 -150 -41 -86 -62 -115 -118 -170 -145 -138 -386 -242
-648 -278 -386 -54 -854 84 -1064 313 -103 113 -240 471 -307 801 -48 235 -59
367 -59 700 0 329 10 455 59 763 25 153 29 189 16 142 -4 -15 -15 -26 -28 -28
-18 -3 -23 -18 -41 -110 -89 -449 -89 -1015 -1 -1457 44 -220 117 -448 204
-632 l54 -113 -42 -25 c-79 -46 -157 -60 -327 -60 -125 0 -175 5 -259 23 -726
162 -1219 760 -1345 1632 -28 193 -39 370 -32 528 4 85 10 167 13 183 3 17 1
29 -5 29 -5 0 -13 -27 -17 -60 -7 -59 -17 -75 -29 -44 -3 9 -7 57 -8 107 -1
52 -3 71 -5 45 -2 -27 -8 -48 -13 -48 -10 0 -5 -68 15 -220 8 -58 19 -175 25
-260 29 -430 114 -756 278 -1062 299 -562 873 -914 1441 -885 127 7 212 26
281 63 l45 24 85 -83 c94 -92 186 -152 312 -201 345 -135 699 -146 1045 -31
215 72 381 182 468 313 1 1 31 -11 67 -28 102 -48 207 -63 378 -57 160 6 245
22 398 72 241 81 420 193 613 385 337 335 523 801 560 1405 5 94 15 197 21
230 20 113 22 428 3 560 -47 336 -155 616 -358 923 -74 112 -117 163 -236 283
-147 147 -216 202 -363 290 -88 53 -101 58 -96 33z m-2612 -2546 c0 -15 170
-154 270 -221 116 -77 235 -137 338 -167 l67 -20 -56 5 c-168 15 -430 127
-606 259 l-68 51 -3 85 -3 85 30 -35 c17 -19 30 -38 31 -42z m2981 -230 c21
-6 46 -19 55 -30 16 -17 15 -18 -25 -18 -50 0 -131 19 -131 31 0 10 31 28 49
29 7 0 31 -5 52 -12z m-1874 -388 c15 -22 60 -36 156 -45 37 -4 70 -12 74 -18
4 -7 -31 -8 -108 -4 -109 5 -184 22 -217 49 -13 12 -6 15 78 37 3 0 11 -8 17
-19z m1718 -115 c18 -4 20 -13 22 -120 l2 -115 -80 0 c-55 0 -81 4 -84 13 -2
6 -6 52 -8 100 -5 82 -3 90 19 116 25 31 23 30 129 6z m-2322 -189 c158 -93
382 -179 624 -240 56 -14 104 -26 108 -26 3 0 3 29 -1 65 -8 76 -2 87 61 110
42 17 44 16 73 -5 25 -19 30 -28 26 -54 -3 -17 1 -66 9 -108 8 -43 11 -78 6
-78 -28 0 -283 57 -379 85 -275 80 -573 236 -726 380 -42 40 -38 38 29 -15 44
-33 120 -85 170 -114z m1355 -303 c-40 -6 -34 -21 10 -26 29 -3 25 -4 -18 -5
-30 -1 -72 -5 -92 -8 -34 -6 -38 -4 -38 14 0 25 16 30 100 29 36 0 53 -2 38
-4z m129 -19 c-3 -3 -12 -4 -19 -1 -8 3 -5 6 6 6 11 1 17 -2 13 -5z"/>
<path d="M4184 4612 c5 -8 76 -4 76 4 0 2 -18 4 -41 4 -22 0 -38 -4 -35 -8z"/>
<path d="M2885 4583 c16 -40 15 -48 -7 -58 -24 -11 -44 -67 -31 -89 7 -12 16
-9 51 11 41 25 43 28 37 60 -9 48 -25 81 -42 88 -11 4 -13 1 -8 -12z"/>
<path d="M1706 4571 c-16 -3 -31 -11 -33 -18 -3 -8 8 -7 36 3 31 10 53 11 93
4 64 -13 77 -23 56 -47 -9 -10 -20 -30 -23 -45 -4 -16 -9 -28 -10 -28 -16 0
-143 34 -158 41 -30 17 -32 2 -3 -33 38 -46 119 -157 130 -178 6 -12 37 -24
90 -35 84 -19 125 -39 85 -42 -32 -3 -81 -55 -125 -133 -21 -38 -42 -70 -46
-70 -5 0 -8 14 -8 30 0 126 -143 204 -262 144 -25 -13 -78 -78 -78 -96 0 -4
17 -15 38 -23 119 -51 372 -101 652 -130 132 -14 167 -22 235 -50 314 -133
816 -173 1180 -94 130 28 261 74 368 128 l93 48 174 18 c96 9 177 19 179 21 7
6 -34 5 -204 -8 -157 -12 -160 -12 -225 -50 -229 -134 -604 -206 -901 -172
-65 7 -65 7 -85 117 -9 52 -18 38 -24 -39 -3 -35 -9 -64 -15 -64 -15 0 -18 74
-5 135 14 67 45 114 90 138 35 19 35 19 5 12 -74 -16 -125 -109 -125 -228 l0
-59 -52 7 c-156 19 -371 76 -467 124 -43 22 -76 30 -146 35 -84 6 -161 19
-171 28 -8 9 95 272 112 285 39 29 83 16 233 -68 80 -45 149 -83 152 -85 4 -2
5 18 3 43 -4 54 10 115 31 137 20 20 19 32 -2 15 -25 -21 -43 -73 -43 -124 0
-25 -4 -45 -9 -45 -5 0 -57 28 -117 62 -204 115 -199 114 -281 72 -50 -24 -53
-25 -78 -8 -14 9 -29 29 -32 45 -5 25 -7 26 -36 18 -55 -16 -94 -11 -111 13
-23 32 -20 50 14 93 37 47 45 72 29 92 -11 13 -10 18 11 35 l25 21 -31 -7
c-17 -4 -55 0 -89 9 -62 16 -73 16 -119 6z m-42 -411 c46 -17 32 -36 -27 -36
-31 1 -70 -7 -95 -18 -23 -11 -45 -17 -47 -14 -11 11 8 36 43 56 40 23 86 28
126 12z m396 -18 c0 -13 -12 -22 -22 -16 -10 6 -1 24 13 24 5 0 9 -4 9 -8z"/>
<path d="M2134 4560 c3 -8 9 -23 12 -32 4 -10 10 -18 15 -18 14 0 10 13 -12
40 -11 14 -18 18 -15 10z"/>
<path d="M2646 4517 c-15 -19 -26 -42 -26 -53 1 -12 6 -7 16 16 8 19 22 42 31
52 9 10 13 18 10 18 -3 0 -17 -15 -31 -33z"/>
<path d="M1932 4513 c2 -10 20 -27 41 -38 45 -24 51 -51 10 -40 -22 5 -25 4
-16 -6 6 -6 28 -13 48 -16 33 -3 35 -2 25 17 -16 30 -85 100 -99 100 -7 0 -11
-8 -9 -17z"/>
<path d="M893 4485 c0 -22 2 -30 4 -17 2 12 2 30 0 40 -3 9 -5 -1 -4 -23z"/>
<path d="M4255 4470 c-3 -5 1 -10 10 -10 9 0 13 5 10 10 -3 6 -8 10 -10 10 -2
0 -7 -4 -10 -10z"/>
<path d="M5173 4458 c-19 -39 -24 -125 -8 -138 12 -10 17 -7 25 15 12 31 13
115 2 133 -6 9 -11 6 -19 -10z"/>
<path d="M2480 4457 c0 -3 12 -12 26 -22 15 -9 23 -12 20 -6 -7 11 -46 35 -46
28z"/>
<path d="M5091 4411 c-7 -5 -12 -14 -10 -20 2 -6 10 -2 17 9 14 22 13 23 -7
11z"/>
<path d="M4186 4400 c25 -10 38 -36 23 -46 -13 -8 17 -29 54 -38 26 -6 28 -5
25 21 -2 18 -10 29 -23 32 -11 2 -31 12 -44 22 -13 11 -31 19 -40 18 -11 0
-10 -3 5 -9z"/>
<path d="M4105 4374 c-22 -13 -34 -24 -26 -24 14 0 81 38 81 46 0 8 -15 2 -55
-22z"/>
<path d="M1913 4383 c9 -2 25 -2 35 0 9 3 1 5 -18 5 -19 0 -27 -2 -17 -5z"/>
<path d="M1980 4370 c0 -17 -6 -20 -44 -20 -43 0 -67 -12 -47 -24 8 -5 128 18
136 26 2 2 -8 11 -21 21 -23 17 -24 17 -24 -3z"/>
<path d="M1172 4360 c0 -14 2 -19 5 -12 2 6 2 18 0 25 -3 6 -5 1 -5 -13z"/>
<path d="M2650 4340 c-8 -5 -12 -12 -9 -15 8 -8 39 5 39 16 0 11 -11 11 -30
-1z"/>
<path d="M2870 4339 c0 -5 4 -8 9 -5 8 5 60 -9 93 -25 23 -11 38 -11 38 0 0 8
-103 41 -128 41 -7 0 -12 -5 -12 -11z"/>
<path d="M2600 4321 c0 -5 6 -11 13 -14 8 -3 14 1 14 9 0 8 -6 14 -14 14 -7 0
-13 -4 -13 -9z"/>
<path d="M3034 4291 c4 -6 12 -11 18 -11 6 0 21 -11 34 -25 14 -15 29 -22 39
-19 9 4 23 -2 34 -15 10 -11 23 -21 29 -21 16 0 26 -21 14 -29 -8 -4 -3 -16
13 -33 14 -15 25 -32 25 -38 0 -15 20 -13 20 3 0 6 5 4 11 -7 8 -13 8 -20 -1
-26 -8 -5 -5 -9 9 -13 49 -12 4 72 -76 144 -61 55 -189 123 -169 90z m199
-135 c4 -10 1 -13 -9 -9 -15 6 -19 23 -5 23 5 0 11 -7 14 -14z"/>
<path d="M4790 4238 c-53 -28 -84 -75 -86 -136 -1 -25 -8 -49 -15 -54 -21 -13
35 1 116 30 78 27 161 67 169 81 9 14 -74 43 -129 46 -27 1 -49 6 -49 11 2 13
45 34 69 34 30 0 104 -37 111 -55 3 -8 11 -15 17 -15 23 0 -49 61 -82 70 -53
14 -72 12 -121 -12z"/>
<path d="M3906 4203 l39 -38 5 30 c6 36 -3 45 -49 45 l-35 0 40 -37z"/>
<path d="M4490 4054 l-35 -14 35 5 c19 3 39 10 44 15 14 14 -2 12 -44 -6z"/>
<path d="M872 4015 c0 -16 2 -22 5 -12 2 9 2 23 0 30 -3 6 -5 -1 -5 -18z"/>
<path d="M4588 4023 c7 -3 16 -2 19 1 4 3 -2 6 -13 5 -11 0 -14 -3 -6 -6z"/>
<path d="M4528 4013 c6 -2 18 -2 25 0 6 3 1 5 -13 5 -14 0 -19 -2 -12 -5z"/>
<path d="M4478 4003 c7 -3 16 -2 19 1 4 3 -2 6 -13 5 -11 0 -14 -3 -6 -6z"/>
<path d="M4393 3993 c9 -2 25 -2 35 0 9 3 1 5 -18 5 -19 0 -27 -2 -17 -5z"/>
<path d="M5559 3499 c-30 -4 -141 -26 -245 -49 -104 -23 -229 -48 -279 -57
-49 -8 -91 -16 -93 -18 -1 -1 25 -60 59 -131 117 -247 285 -655 344 -832 9
-30 21 -50 25 -45 12 12 124 268 191 436 101 253 149 434 164 620 l7 87 -58
-1 c-33 -1 -84 -5 -115 -10z"/>
<path d="M4219 3315 c-17 -17 -579 -26 -968 -15 -227 6 -415 9 -417 7 -2 -2
33 -35 78 -73 222 -187 759 -659 1076 -947 84 -77 155 -137 157 -135 6 6 34
207 84 608 23 179 45 339 50 355 6 17 11 68 13 115 l3 85 -36 3 c-19 2 -37 0
-40 -3z m-192 -797 c-3 -8 -6 -5 -6 6 -1 11 2 17 5 13 3 -3 4 -12 1 -19z m-10
-80 c-3 -7 -5 -2 -5 12 0 14 2 19 5 13 2 -7 2 -19 0 -25z m-10 -75 c-3 -10 -5
-4 -5 12 0 17 2 24 5 18 2 -7 2 -21 0 -30z"/>
<path d="M5800 3251 c0 -93 -51 -316 -96 -421 -13 -30 -17 -47 -9 -36 21 28
72 174 90 261 18 88 31 235 21 235 -3 0 -6 -17 -6 -39z"/>
<path d="M5925 3000 c-3 -5 3 -10 14 -10 51 0 70 -102 26 -145 -17 -18 -20
-25 -9 -25 27 0 56 61 51 110 -6 58 -61 104 -82 70z"/>
<path d="M261 2954 c0 -11 3 -14 6 -6 3 7 2 16 -1 19 -3 4 -6 -2 -5 -13z"/>
<path d="M2071 2954 c0 -11 3 -14 6 -6 3 7 2 16 -1 19 -3 4 -6 -2 -5 -13z"/>
<path d="M252 2910 c0 -14 2 -19 5 -12 2 6 2 18 0 25 -3 6 -5 1 -5 -13z"/>
<path d="M2021 2914 c0 -11 3 -14 6 -6 3 7 2 16 -1 19 -3 4 -6 -2 -5 -13z"/>
<path d="M3110 2879 c0 -35 82 -177 138 -239 61 -66 164 -146 285 -220 112
-68 109 -58 -10 28 -188 138 -312 265 -384 395 -16 28 -29 45 -29 36z"/>
</g>
</svg>
    </SvgIcon>
  );
}